1111 1111 11111111 11·1111111111.’·

1111111111 1111111 1111111111 1111111 81 Fertur 11111111] Ex ommi
11 111111 11111111 1111111111, ex 11111111111111111 1111111111 11·
111111. 111. 111. 11111 111111111111. 111111 11111· .
011111 111 1111111111] Duodecim 11- 111 11111. Gurg. 1. 1111111111 1111·
111111111111111 1111 11111111 11 1111 111111111111111111111.’
11111111111111111. 11 111111 uum] 011 11111111
11 111111] 0111111111 111 1111111 1111111111 11111111 extendit-m·
111111111, 111. 1111 11111, christum 1111 11 11111,1111111111111,11111
1111 111111111111,111111111 punem 11111111111 1111 11111 1111111.
1111111111110111 1111 vero 11111· tv. 11111111111111111, 11111111 11-
1111· 11 111111111111 11111 1111 111111 111111
1111111111,111111111111111111.’ 11 11111111 1111111] 01111111·
11111111111111111 1011 mdo· 1111111111 1 virg. 1111. 11. ‘Iugum
1111111 111111, 11111 11 eternum! 11111111 1111111 1111111 111113
11 1111111] 111111111111. 81 11111111 uuis] cmm, 5¹
, 1111111] 111111 1111111111. 111111 11111111, 1111111111111111.
‚ 110111111111111]1)1111111111 11111.
intelligendum. 11111 11111 1111111, 11 11111 1111111] Ex 1111111111-
1111111 111111111111111111 1111111 111 11111. 111. 111. 111111 11111111
aptam. 11 111111111. 111. 111111111111111111, 111111111111·
1111111 nm] 11111 111111 1111 11111111111111111.’
’111111111111111 . 11 &ma 11111111 111] 111
11 011111111111111111111 111111. 11111 11111111 11111111 1111111111,
11 onnes 11111111] 0111111111 quta 111111 11111111 111 1111111111
111111. 11111111.
· 11 1111111111] 111111 1111111111 · 11 11111111]1111111111,111
conplectitur, 111 mine 11 111111, 1111 1111111111111111111111111111.

’ 11111.1111.111.11.1ιι. 11 1111111111]1111111,111111111

11111111 1111111] Pro 1111111111 1111111111 1111111111
1111111111111111111111111. 11 1111111 1111111111] ’1111111 11
111 1111111111] 1111111,11111 1111111111111111111111111111111·
111111111111111. s »111 11 mahumetanam
111111111111111111111111]1111· 1111111111111111111111111111-
111111111111111111. . 11111,11111111111,-1111 11111 1111·
· 1111101111111111111111111. 111 1111111111, 11111111111.
11 11111111111Η111111111111. . 11 Pom 11111111] Homo.
11 Fun] 0111111 11111. ’ 111 M hm 1111] 1111111111·
7111111 11111 1111111] 11111111 thummim. ⁴
(1111111 11111111,11111111111111111 111 1111111111]Ρ11.111111111111;
111111 111. v 111111 111111111111111111.
1111111111] 11111111. . 11111111 1111111] Pomm. 111
Ρ111111111]11111111111111111111. 11111111111111.
. 1111ΆΡ11111111111111111113111111]1111111.11111111
1111111111]1111111111111111111- 111 1111111111] 01111111 1111-
1111111111111111111.1’.1.1.11111 11111111111111111111111111111111·
1111 1111111 1111111111111 111111’11111111111.
111111.ν 111 11111111 m] 11111111 111·

nutriferum] 1111. (111111. 1111111.
1011111111111111111111111111· 111 cab] 11111111 11 W!-

1111111113 1111111111111111 11111, 1111111·

 

