1⁰ae 111111 1111111111 111 nummu.

1111 nm 11 1111111111111111 111111· 11111111111111111, 111111111111111
111 11111111· Phineo-murth 111111111,111111111111111111111 11
11Ρ11111ῆ1111111111111 11111111 nonai 1111111111 1111 1111111111 Dm,
11111 1111111111 11111111ιί111, qun 111111111111. 111. 11111111111111·
,1111111111 1111111111, 11111 11111- -111,11111111111. 111111 1111111, Ergo
11111Ι 111 11111. 181111111111111111· 111111 1111111 1111111111,11111111111
111 111111111111111.Ι 1111111111111111 11111111111111 1111111111111111,
1111111111111111111111111111111111, 1111111111111111111,11111111111-
11 1111 11111111111111111111111· 1111111111. 1111111111 1111111111·
111111. Α111111111111111111111111 111 1111111 11111 011111111, 11111,
1111 1111111111 1111111111 11111111111· 11111 111 11111111111111,1111111
phu} 11111111 11111 1111111111 11111111111111111111111111 1111.
,111111 111111111Ιί1 1111111111 11111 11111 mudum 1111111111 1111111
111111.ι 111111111111111111111· 1111111, 11111111 11111 1111111111 111-
1111111 11111111 1111111111111111,1111 111,111111,111111111 11111, 1111111-
110111111111111111111111111111111 1111 1111111 111111111111. 1111111
1111111111 1111111 1111111111111 111111111111111111111111111. 111·
«11111111111 mn 1111111111. 1111111 11111111111,1111111111111ι-
011111111111 11111 1111111 111 11111- 11111. flod 11 111111111111111
1111111111 11111 1 111 1111111111, 1111111111111111111111.111111111
1111111111 11111* 1111111111111111111111111111111111

01111111] ’1111111111 111111. 111111- 11111111,11111111111 1111111111 11111
111111111111111111111111111,111 1111111111111111 11111111 1111
1111111111. cium 111111 11111111 1111111111 1111111111111111111111-
-111111111111111111,111111111111111 111111111111111. 111111111111111
11111111111111111,111111111111 1111111. 11111111111111111111111
11 111111..1111111111 1²0&- 1111111 pm, 111 pjugn 1111111111 111111
11111 1111111 1111111, 11111111 1111· 1111111,11111111111111111111111.Ἠιο
1111. 1111 1111111111.

11 0111111] 111 1111111, 1111111- 11 1111]11111 1111111111 111111
1111111111 1111111111. v. protulit: ῃιοηιρη1ω1111.111111111111111111
11111111111111 1111111 11111111 111· 111111111,11111111 aliquid 111111-
1113 01111 1111111111 111 11111111 1111,11111111111111(1111111111111111
1111 ‘Qu 1111, 1111111111 11 111- 11 11111111111111111111,11111 111·
111111 11111 11111111.ι 1111111111 11111111 11 111111 11111

Qum, 111111] 1111111111. 111. vade Ρ111. 18111111111111
Gem- 11111111111111ι111 11111, 1111111111 1111111, 11111 1111111111
-Qnae 1111, qn 111111111111111· 11111, 11 11111111 111 putorem&
111111111111.1 M 1111. isam 11111 Nmpe

mpusdm 1111]1’1111111 0111111111111111 1111111111).
11111 11111111111111111111111111111· 1111111111 11111111,1111111111 111111
1111111111 11111111. 1111111 1111111· 1111, 1111 1111111111 11111. 111 1111.
1111111 1111111111. 11111. 11111111- Quod 11 11111111111111111111κ 11111

1111111.11111111111111111111111111111111 11111111ι 111· ’

11 1111111111] 11111111111111111111- 11111 111 potest!
11111111·11111111111111,1111111 111111 1111] Mada· 111 11111111 11
11111 11111 1111111111,1111111111111.’ 1111111111111111111111111111111111111-
11111111111· 111111111, 111 1111111111 1111111,11.11.1)1ι1111111111.’811·
11111111111111111111 11111111111111 1111111111111111111111 111111111111,
1 1111 11111111,111111 111, 11111 111- 11111111111111111111111111111111

 

