1111) 11111111111111 1111111111.

1111 111] 1111111111111 nen. 01111 fldem] 0111 1111111111·
1411111]11111111111111111. 11111111111111111,111111111110111111
1411 11111111] 1111111111 11111. 111 11111111 1111111111.
14181111]οη1,1 1. 1111111111 1 111111]Ρ1111111111111111.
christi. 11111111] Propter 1111111111.
un th'm] 1. 1. 1111111111, 1111 (11111 chun] ’1111171111 qn· 11·
111111,11111111111,111111111111. 1111111111111111 11111111. 111111,
110 1111111]111111111111,1ι111111111, 111111, qul· 11111 11 1111111111 1111111
11111111111111111111. 1111111111- 1111111111,11111111111111111.
1111 1111111 11111111· 11111111] 11111111, 1111111111 111-
111 Hm] 11111 11111111. 111 1111111111111111111111 11111-
111111111111, 111111 11111 11 111111111- 111, ι1111111111111111111111111 111 111-
111.11,11111111111111111111111111.
1111111111111111 11111111 1 011111111111111111111111111,
111111011111111111111111111 1111 1111111 1111111111 1111111111 -
1111111111111, proptor 1111111 111 1111 11111111, 111111111111 111 111·
11111111111111.1“111111111111)1111111 111111111111111111111111111111111

. 1111111,11111111111111111111111 1111 11111111111111111111111111111111

111111, 11 1111111 111111, 11 11111· 1111 1111111111 111111. 111111111-
1111111111111111. ’1111111111111111 11111, 111111 111111111111111 11111
1111111111 111111 tyrum 1111111111, 111· 11111. 1111111111 1111111111

- eum prefectu· 1111 Apollonius 11· 111111111, 1111111111 (1111111111

bom 1111111 1111111111 11 histo· dicimzuudmuuquniuinhmt,
111111111111111 111111111111101· 11 1111111111 11111111111111111111-
111111. 1111 11111 Panum 1111 111111111,111111)1111111111111
111,111111Ρ11111111,81111111,111· 811111] 01111 1111 1111 1111111,
1111111111111111, 11 1111111111 1111111111111111111,1111111111111
1111111 Prudentius 1111111 111111- 11111 11111111.
11111111 11111 1111111111 111111,1111· 4 01111111811111111 1111111111·
111111111111111 1111111111111111111 111 1111111111 mult (11111111 111-
1111111, 111 111111111111111111· 111111111111111111. 11111 1111111111
1111111111111111111111111. 1111111111 111111111111111111111-
0111111111 11111 me] ’1111111 111 111, noque 111111 11111111 11 1111,
111111111111111111111111111,1111 1111111111111111111 111111111111-
1111111 111111111111111111 11111 11111111 1111111111111111111111111·
1 1111111111 1111111111· 0111111. ram, dthmn, 111111, tympana:
ι81111111 11 1111111111 11111111,’ 11- imm-mmm 11 '‘Bm--
quit 111111. nummu, 11 11111111 0111111111·

· 1 111] 01111 11111111111111 111111. 011111111111111111111111

1111111111, 11111111·111111111,111 11111111111111111118111111811111
11111111 11111111 puero. 11111111 dih 1111111 didicit, 1111 1811111 11111
1111111 1111111111 consuetudin 11111111111111111111. 111 Petrus 11-
11111111111. Exordium 1111111111- 11111111111111811111 impubi lo·
1111111,111(1 11111 111111 1111111111 11111111111111111111111111.’
1111111111, 111 11 11111111, 11 mgni· 1111]1)1111111”ο11111111,111111>11·
11111 11111111 1131111111. 1111111· 111111111111111111111111111111
1111 111 11111 111111 11111111 111 111- 11111181111111111 1111
dandum 111111. 1111111111]1111111,11111111111’11·
ο11111](111111111111111111111- 1111111111111, 1111111111 mod
1111111111. 11111111111111111, 1111111111111·

 

