101⁰ 111111 1111111111 11 1111111111.

crudelitatem. 811 quicunqne 11· 11111111111111 111111111, 1111111,
1111 1111 111111 111111111111 111111 11111111111111, 11 1111111111111111·
11111111, 1111111111111111111111111111 tum 1111111113 Sed 1111111111111111
11 1111111111, quotie· 1111111111 peri· 1111111 1111111111111101111111111·
111111,11111111111111111 111111. 1111111111111. 11111111111111·
1111 &spammutes-ibt] 111 11111. 1. 111. 11. ‘Ego 1111111111,
111, 11 11111111111111. 111111111 111111111111111111111111111111.’
1111111111111. 1111111111111111ι 111 Palm 1111111111]1)111111111
111111111111, 111 11111111. 1111111 1111111111. 11111 11111111
111 1111111111] 1111111111. 111111111111111. Puerorum 11111·
111 1111111111] Nam 11111111· 1111. ‘Ludunt 1111111111,’ 11 111
1111111111. 1111111111,11111111111111111111·
111111111Ν11111111111111111111111 111111 prius 11111111· 1 1111, qum
11111111. 111111111111111.
illlam 11111111 1111111111 11· 111 11111111111111111] 111-
111111111111111] 11111 1111111 1111 111111 1111111111111111111111111111·
111111111111111111111. 111111111111111. 111111 1111111111·
11111μ11111111111111111]01111 1111 11 1111111, 111 01111111 1111111·
11111111111111111111111111111111· 111. 1111111111111111.
11111 111111. 11111111111111111111 111 11111 11111 umis 1111111]
1111111111. (11111111 11111, 111111 1111111111
111 0111111111 11111111111111111· 1111111111 111111 11111111 1111111111
1111111111111111111111111,1111111 11111111 111111 1111111111.
111111111111111111111111. 011111111111]*Ν1111’111111111-

m Oculoque 1111111111 111111] 111 111. 01111111111111111111111111, f

11111111 1111111111 111111. 1111111111 1111111111 1111111111111. 11111111
1111111111,’ 111111111111111111, 111 tropo, ‘ferrum ' 11111 11111111.
1111111 111111111111111111111111111. 111 1911111111 Pham-sandi 1111111
111 ,111 11 mm 1111111111 Mer· 1111111111 mm] confert 1111111111
11111 111111 mim 01111111 ln· 1111111111111111111111 1111111111·
111111 111 tenerum 111111, 11111111 1111111111111111111111111, 111111
111111 solitum, 1111111111 1111111 11111111111111111111111111111,111·
1111 1111111. 111 11 11111 111111 11111111111111·
ι11111μ111111ω111111 1111 notetur. 1111111111111111111111
1111111111111111. 1111 frigus 11111, 1111111,1)111111111,11111111111,11·
11 1111111111111111111 1111111311- 1111 rege. eonren igitur Pharaonem
111111. · eum 1111111,.1111111111 Mose. 11-
111 &suu ,11111 1111111111] 11111 111 11111111, 11 11111111 11111111111-
11111111 111111111111111111. 1111111.1111111111111111111111111·
11111111111111111 1111111. 8111111 1111111111 111111 1111111 1111111111
1111111111111111111111111111111111 eduxit 11 11111111. ‘Raptorem’
1111111111. 1111111111111111111 11111,1111111111111.
11111111111111111111111111111111· 111 0111111111 1111111111 jum}
1111. ι(111111111111111111111111111111,’11.

m Vuprimcfflufivim'me 1111 11111111111111111. 1111111111, 1

1111111111111111111ῙΟ11111111111111111 qnod 1111111111 1111111111,1111 11-
111, 1111111111111111 cum 1111111111- mittitur.

1111111111,1111 1111111111 1111111111 111 Puerile] 11111111111111
1111111111111 1111111 11111111 111· 11111111111111111111.

1111. 111. 111. ι1111111111ιὶ1 corpor· 1111 Men 1111111111 111111] nudi

 

