1171 1111111111111 11 1111111111.

11111 1111111111 1111111111 11 1111 111111111111111. 11111 11111111
11111 111 11111111 1111111111111· 1111111τὶ 1111111 1111 811111 tini·
111, 1111111111 11111 111111 1111111 111.
111111111111111,11111111111111111 111 mule] 111111111111, 11-
11ςὶ111. 11111 11 morti· 1111111111 111111 11 pm· 8111111111111.
11111111111111111111111. 111 Qu 111111] Nem 111 11111

111 11111191111111111 11111 111111111111111,ῃ1 poedtopmn
111111 1111111111 11 (11 11111 11111111 111111 putul, 1111 11111 111111 11-
111111111)1111111111111111111111- 1111111 111111 11111111. 1111111111
11111. mmmm. «μιν nuh· det-

111 unta] Pmntu· 111 doum 1111111111.
libem 111111111111111111, 11 1111 111 1111111]111111111111111·
1111 hoto 0111111111 11111111 11111111- 111.

11. 01111 1111111111 111 1111 111- 11111111111111111111111111111
11111, 111111 11111111 1111111111, 11 1111111111. obmutuist-
hujus 11111 1111111111 11 11111111 buntur 1111, 11111111111111111 1111
1111111111,11111111111111111 nu· 111111, 11 amanen 11111 11 111·
111111 1111111111 interfectus, 11111- 111111111111111111111111111111·
1111111111. 11111 1111111111 11 1111- 11111111111111,111111111111.
111111, quo· 1111111111 Gonu 111 111 vd· 111111]1’11ςι,11111111
1111111 11111111. 1111111.

111 11111111111111111111111. 111 Fam} 11111111, 111111111.
1111111111 1111 111111 11 1111111111 W] 3111111111, Μ mv
11111, 1111111111 11111111 11111111, 1111111111011111111·

111 1111111 11111, 111 num 0102.. 111 Fam] 11111111 11111111 111
11111111111111111111111111111 111- 1111111, 111 mmm Mum
11111111111111. 111 111 poterunt, 111 1111111111 1111·

111 Mur] 11 111111 punam 111 noveta-tura 1111 111111 1111111
11111111 1111111111. 111111111111ιιι,1111’111111111111

ω11111]111111111111111,1111μ- 11111111 111 1111111 111 11111111
11111111111 11111111 indigns, 111 111 (1111111111 11111111 11111·
111111111111111111111. 1111111111 1111111, amhn·-

mar-mmmmm„ 1111111111.

111111111. mu] 11111111111111111111·

111111111Πο11111111111111111, 11111 1111, 111 11 1111 1111111111,
1111111111111111111111111111111 11111111111111111111111111111·
11111111 1111111111 1111111111 1111- 111111111111. ’
1111111111111111 pontit, 111111 1111111] 01111111 pim- 11111

0 11111 1111111 1111111 11111111111111 mmmm, 1111111111 11111111,
1111111111111111111111111111111. 1111111111 1111111 11111111111111·
11111111 111111. 1111, 111 11 christu, 11111 111111,

m 111 111] 1111111 11111 111, 1111 11 111 111111 111 1111 1111111
11 1111 111111 111111.1111 111111ι11 111111111111111111111111101111·
11111 11111111 1111111111 nequ 11 111111 m 1111111111 1111111·
1111 1111 1111111111, 11111111 111 11111111 Μυκη-1111111111·
111111111,111111111 1111111111111- 111111.

1111111111111111111111. 11111111· 111 m] 1111 11111111 11·
11111111 11111111, 111111111111 111 lot-‚comentem 11111111.

111111111111111111. Hugh 19.. m w affl] eumq..
1111111111111 1111111 111111111, 11 11 dib 1111111, nin 111111111

 

