1012 1111 1111111111 1111111111111.

1111111111 1111111 1111111 1111111111· 111 111. 111111.1111.]·1“111 111111111
11111111111101111111. ‘Dominum' 111111 11111111,11111111, 1111111111.
Ecclesium 11111, qnod 1111 11111· 011111111111111111111111111 11-
111111111111. ‘Templum novenum: 11111 11111, 111111 1111111, 1111111
11111 1111111111,111 111 1111111111 1111111.
1111111111. 11111111111111111111111ι 101 Gaudete 11111111 11111111 111]
111111111111111111111111,1111111111ι 11111111111111111 1111111111111-
1111111111111111111. 11111 011111- 111111111111,11111111111111111,
111 111111111111111111, 111 1111111 11111111 11111 11111111111111 11-
11111 1111111111, 111 111111111111111 11111111.
11111111111111111, 111 1111111111- 101 1111111 11111111 Principem 011.
111111 111111111111111,111111111; 1111 111 11111 11 1111111] 1111111 11111111
11111111111,111111111111111111- 111111111, 11111 1111111111 1111111,
11111111 111111111, 1111111111111 111110111111111111111.1101111
1111111. 11111111111111111111, qum 11111.
111 Quin 11 mmm 111111 11111111111111111111111111111111·
111111 1111111111] (11111111 11111 1111111111 111111.
1111,111111111111111111111111, 101 M] 0111 11111111 1111111
11111,1111111,11111111111Ρ1111- 111111111111111111111111111. Af·
1111111111111111111111111111111111. 111111, quod 111111111111111111111111
‘Degenerem 11111111111’ 11111111, 1111111111111111111111,11 1111111
111 1111111111111 11111111111, 11 1111111111.
11 11111111 1111 11111111 origo. 10111111101111Ἱ111111111111113
11111 1111111111111111 ⁶ 1111111111 111111 Paulus, ί1111 11111111, 11111111
1111111.1.ω1.’ 11111111 111111, 111111) Qui vivit 11 11111, 11111
111111111111111111 111111111,1111111 91111111111, 111 111 111 111111 11111-
11111111111 111111111111. Arum 111,1111111111111111111111111111,
11111 11111111111111111111,11111111 1111111 111111 11111, 111 111111 1111
1111,11 11111111111111111111. Ono· 111111111111111111 1111111111,111111
11111 111111 11111 111111 11111, eo· 11111111111111,1111111111111111111
11111111111111111,1111111111011- 1111111111111111111. Neque 11111
111111 11111 11111 111111 11111, 111 jum 111111111111111,111 11111111-
11111111111111111111111111, 11111111 1111111111111 11111111, 111 ,111111
minio, 111111111111111111111. 1111111111
m 1111111 1111111] ι1·“1111111’ 1111111111,1111111111111111,111111-
11111,111 11 11111111111,111 1111- 11111111 1110111111, 11 augeli vocem
1111111 officim. 11111111111111111111111111.

 

