11444144. 4111144. 111 41411411. mm«. ιιι. w

441414111441414.’ · 144 144411444141114144141111441
0414414441] 4411144 mudum! 1144141441] 04414441111111. 114141.

14444411 414114 *14444441414144441 11441414441411414 4414 444· Nun

tnm' 1144141 444444114414444111441.

111 wanuh] 1441414, 44414 144 141444111144 441441 41144] 114
· 14111141 441411, 4144 41441414 44414, 4441141144 4444441441 1114111441
4444 4414441414, ι11114114111444144441141411441414114-

114 Mein] 0141441141444414· 4441, 41 444144 1111443
1414 4114111144 44441411 411414. 14 14811144141441414144141114]1114444.
priori 141444 414411444444 441, 444 414, 14 444 41414414114441114144 41
4444441 4141144444 4111114. 11144141, 41114144.
4ύ4 44114444 414444414444141144· 144 1144444444] 8414444 14 114·
1444 14 44411444 444 14444441, 111 141114 441441441 4441 11144 4144111441
11414 Epist-⁸ 11411441 14414 444444· 4444111441 4444 111141111 111411 ‘Su-
4414, mi. u mmm per 4441114 141141 gradieris:

111 numum-nun. 111 1444441414444114111·

114 0144144414] 11144444 41 14441· 11111414·

4444. 111 1144111 44414418444141144414-
111 unu] 111144 4141114. 41111·

[qia] 0⁰ae {n nm mim, 111 1144111144] 0444 4411 1144414

m 1111111411] mm mi. 4444414414 414141 41441111444141141·
ni. nom pemn mmmm, 414 4411 4444 114141. ⁸ 4141444 4411·

11444 m] Aa sud Virgini bru'dixit: 41 1114411141441 44441·
41144114 ‘ln 4444 4144444144 41414 14111411411 1144114113
4441111144 41143 141441114414444. [4444114144] 81444414 41 14 4411141
4444101441111144144444441144444 4441411114.

1444441, 144144 4444444111 1114144 114 111441] 11141411. Virt- Ι1111·
111 1144114414 4444111 44144. 414114 14 444114 44414444 4411141144
Alter 14η]144444411444,44ω 44411143 411 piger. 1. 4. ju 44411114·

1144141 44441 1444414 1141414441,’ 41 144. 41144 41411, *44444111 411441441·

14444. v. ‘lael-ito,¹ 144411, ‘nom 144.Ι 44. 4411 (11111411 14444441144414.

buben: ' , 114 0441441144] 044441 fer· 11·
114 Nn 141441] 114441 114444 444 444114444414411444 christinam.

444 4444444144 4441 1444444 4444411 111 414 grege 4444111114] 1144114414-

primi 1144114141 1444 41411, *441444 14 41444414. 11444 41 1144114411 14414

414114.ι · 4444144 1444441414 4111144 11444141.
m mm] 14411414. nuptu· 4414 411114 4414144144, 4414 41 414

114 mn. Ι114111 14441414 4114411441 (14144444441111411441141114.

14444441 441414, 4441441441 844414 1411 Imm 4444414114] 01141441

141144 444411444444111444444444114 44414411 mci 14444144 11414444.

141 Ν4141444444]0144441;44441 141 1144 4144411444 4141441111.
4441144 4114114 1414444414 44411. 4144 444114 4444144441 4414111444·

(114414111141144. virg. 14 44441. 1414.

’11441444414444444 1411141141 44114· 1114 lum 14141114] 0441 Agnus

14 fotu! 414144114441114.

Nune 4141114414] 8414114 844414 141 4444441444] 1)4 4414444444-
441444441414114441411 44 14414114· 4441, 11. 4. 0114141414 41144 84141144
14141, 14 4114 84141144 8444144 44 8444144,441141114444414444444411
4144144141 41411. , post (11111411 1441144144,444411444

14111441414411]144141414414114111. Α4111144114444,114.

1141411. 41 114414. · Ρ444441. 1 L

 

