910 nom vamum 111 munuum.

141 cop-tun] 81111 1111 111111 111 Per m 1111111111] 1111·
11111. 1111111111 phun.
1481111111ψ111111111111111 811111]01111111111111111111.
11111111. 111 flu 1111111] 1111111111 111,1.
11111 1111111]1)111111 11 11111, 111111111111111111111111.
11111111111111111. 111111111111111111111111111.
11111111 madi] omenti 11 111 111 1111111111111]11111111111, qun
11111 1111111111 11111 1111111 1111111. 11111111111 11111, reddit· 1111111111·
1411 ⁸0⁶5·- m] 0111111, 11 111.
111 11111 dgna 11 11111111 111111 111111111111]Ρ11111111111111111.
11111111ς11111111111111111111, 111 Ρ1111111111111111111]81.1111-

1111111111 111 1111 mendum, 1111111 1111. 111111. ex 111111 111111111111
111111. 111111 11111111 1111111,’ 11 11111111-
Ιώ* 111111] Qut 1111111111- 1111 nubem?
111111111111111 1111111111 quonium 114 1111 111111 1111111111] ‘Eut'
11111111 11111111 11111 1111. 11111111 potienti& <quemadmodum
1111111111]111111111111111111111· 111 11111111111 1 01111111 definitur)
1111111111111111. Ι111111111111111111111111111111111111
111 11111111] 11111111. 1111111111 11111111111111111111111-
111 In 111111111111]111111111111 1111113 quod 111 11111111111 11111111-
11111 111111, 111 11111 11111 11 111- 11111111,11111Ι11111111111111111·
11111111111111111111111. 11111 111111111.
111 1111111 1111111] 1111111 poll· 1111111111· estu] 111111111111
111111 1111111111. 111811111111111111111 1111111111
0111111111]11111111,1ω1111111- 111111.
1111. 111 Em] 01111111 1111111.
114 1111111]Ρ11111,11111 1111111- 111 Qu] Pro, 11. -
1111. 11111] 111111111111111111111111
Veram 111111] 111111 11111111 11· 11111111111111111.
1111111. 181 Amnum-aun 1111111] 11 1111·
111 11111111 1111111]111111111111111. 111111 1111111111111.
111 111 per 1111111111 1111111111, 0111111111αῃι 11111111 111111
« 111 1111111111, 11 Ρ111111111111 11- 1111111111.
tendum 1111111111111111111111- 181 (11111111 111111] 11 1111111111 11111-
11111 11111111,1111111111Α1111111111 1111111111 1111111111 11111 0111111-
11 111111 1111111111. nm 11 gale· 11111111 111111. dicit
1111 111 11111] 1111111111 111 in: 111111111111111111111111111111111
1111 111, 11111111 1111111111 11111111. 1111111 11111111
111 191111] 1111111. 1111. 11111111 111 mma 1111111] 1111 erinium
11111111111111 1111111111 1111· multitudo 1111111111 111111111111·
1111. 11111.
111 111] Qui 1111111111 1111111111 Am 111111] 011111, 111 1111111111
commendatur· 1111111 11111111.
111 111111 1111111] ’1111111 11· 111- 1811 Paua 11111111] 111 1111111111·
num· , 1111111111111111111111111111111.
1111111] 11111111111111111111111. emmaum] 11111 11111111-
1⁶⁰ ΠΜ· 111111] 11 1111111111 1111111111111 fluxi 1111111 1111 nupe-
coeuntia. . 1111111111111111111111111111111111.
τη1111111111111ω1111111111,11 Ideo 111111, 1111111111 1111111 uo-
1111111111111111111111111111111111. 11111 11111111,’ 1. 1. 11111111. virg.

 

