9⁰2 111111 1111111111 111 monam-tun. Ι

11111113 Ε1,·111111,1111111111111· 11 Flauum mutu] 1111111·
111111’111,1111111111111 1111,11111111111111111,11111111·

111 11111111]Ρ1111111111111]1]1111 11111111 111111.

Ninivitarum 11 u μ11111ἅ] 01111 1111 nd

81111111] Nobilium 11 ludu 111111 1111111111, 1. 1. Dm 111111
(1111111 1111111111111. 1111111111. 111 tmen 111111 1111111,

81 Mum] 11111111111111111. 11.1. 111111111111111111111.

Vm ι1111] 11 1111 1111111111 11111111 1111111111] 111111111111·
11111111 11111 111111. 11111 1111111.

111 11111111111]0111111,11,1.1. w 0111111111 11111] 1111111111 111·
11111111, 1111111 benign! 111111, Ι. 1. 11111, 111111 111111 1111111 pantu.
11111111111111111111111. m 111111] 11111111.

1111111111 1111111]Ηι111111111111 1111111111]01111111.

Ninive. 1⁰1 111111 111111] 8111111111111-

1111111111 1111111] 11111111 1111 1111 1111111111 ,
1111111111 1111 1111111, 111 11111111 m Pontibus] Quo· 11111111 11111-
111 1111111 111 1111111111 1111115 1111 111 111111,11111111111111 1111111111
quod 1111 111111111, apo-ndu· 11111111111111111111111111111111.
111111,11111.·11111111’111111111 111 Um] 1111 11 Ι1111 1111111111
11111. · 111111. virg. AEn. 1118111 1111111

⁸⁰ ⁰⁰¹⁸ mm] lam· ‘Et 1111111111 1111111 ‘
1111111111111111111.’. 114 1111111111]1111111.

111 1111111111 11111111] 1111111 11 111 Ρ11111].11111,11111111111111
1111111111· 111.11 1111111 11111111 111111.

111 11111111 eornm] 1111 corrupti 1111111111] ’111111111111 111111. ,
1111111111111. 111111111111111] 011111111111111·

191111111]1111111111111111111. · 1111111111.

71111]13111111111111111111ι,1111 ne 11111111] A 111 1111111 111
111111111111111111111. 111 11111 11111111111111. ·

11 cmm] 1111111111. 1111111111] 111111 1111 1111111111.

71111111 11111] 8111111111 11111111. 1111111111]81111111 1111111 11 111·

11 11111111111111111111111111 11· 11111111111111111.

111111 11111111. m 111111] Acuti.

0111111 1111111111 11111] Dm 0111101111.
111111111111111111111111]111111.1111 1111 1111111] 1111111111, 1111111
11111111111 1111111 111 1111111 11 11111111111111111111111. ·
11111 111111, 11 (11111111 11111111, 11 111 m 1111111111] Pro 111111
11111011111111111. 1111111, 11111 1111111111111111111111

01111111111111111111. 1111 pro 1111111111 11 virg. AEn. 1.

n 111111111111]11111111 111 pn· 111111 111111 1111 11111111 111111111
1111111111 11111. ferro!

11 lucen& 1111111111] 11111111- 111 Per 1111111] 9111111111.

11111 11 111. 1.1. 11111111, de 111 1111111111 1111111111.
(1111111111.111.·0111111111111111· m 1111111111 11111111] 1111111111
1111111111111111111,0111111111111111- eum.
111111 1111111111 111111 1111111111· 111 Aminnearum-uba] 11111
bt 11111 1111111111, (11111, 11111111 111111111111111111111111111,11-
11111111 1111 1111111. 1111111111 Ρ111111111111 11111111.

u (1111111118111111 11 1111111 m 8111] 11111111. ·

wem·- 1111111111111111111111

 

