111 1111111111111 111111111111.

m 111111] Non ulto 1111111 11111 11 humi-wadium!
1111111111111111111111111. videt-mmm.

6111111111111101111111111111· Μ 111111]111111111111111111.Ι
111μ1111.111111111111μ1η1,11 Μ Δι’-11111] Du, 1111111
1111111111 11 11111111. 1111 11111111· fieb-affin.

11811111111111111111111111111 111 lind 11111111] 1111111111
1111111 111111. petati 111111.

111 011Ρ19111111]111111,111111· m Μαι] 11111 11111 111111111-
11111. 111. ι111111111111111111111 11111111111111 'Sint 1111 1111111111
111111 111111, 11 11111111111111 11111.1111111·11111111111111111-
111111111113 11111111 jejumum-ndis,

111 Qu] Summum. 1111111 11111111111 timinam·-
1111111111111111111111111111. 111111111111111. ·

11111111111111111111111111 118111111] 1111111 11 1111111
111111111111111111. 11111111111111111111111111111.

1111911111] 1111 11111, 11111 111 71111111]111111111111.
1111111111111 111 1111, 11111111111 1111σ111υ111111]111111111111·
1111111111111111111111. 1111111111111111 111111111111111-

111111113111111111] Prndiu- 11111.

11111111 11111, 111 1111111111111- 111 11111 11111111 d 111111 111111]
11111. Pam, 11111 11111111 111111 uu

11111 1111111] 1111111111111111· 11111111, 11111, 11 111 sumus.
1111111111. ι111111111111111 domm: 1111

181 mam} 1111111111- 11 111111 1111 mogun et 11111111
111 1111111111 1111111111. 11. 1111111 11111 1111111 1111111· ‘0 111111,
111111111111111111111111. 111111111111111·

111 Anu] 11. 11111 11111111 111-111 wi· πμ] 1111111 111·
1111111111. 1111.

111 Imm] 1111111111. 1111111111111111111111

111 011111111111] 0111191111. 111111]111111,1.1.11111111111191

111 1’111111111]111111111111111. mutim 0111111111111111 1111

cratian] 1111111111. 1111, 111111 jejuni-n 11111111, 11.

m lecwfimmotflrm 11111111 11111. 11111 1111111111
1111111. , 111111 1111111111 11111 christina

111 Va Mun] (1111111, 11111 1111111, 111111 111 lugo 11111111 11·
111 11111111ιὶ 111. 11111111111111 1111 1111111 11111 111 ,1111111111
’ 81111111 11111111111 11111111 111- 11111, 11 11111111 1111 1111111 1111111,
aum! . 11 faeiem 1111111111111 11111111

1111111111]111ις11111111111111111- 1111111111111111111111111111·
1111 11 1111111111,·111,’ 11 111 111111111111111111111111111111111
111ῐέ111111 1111111 nm) 111111 homiuem 11111111 11111111,

111 1111111111111] 1111119111 11111111111111111111111Μ1 1111·
1111111111,1111111 11111111111 111111111111 1 11111 11111111 1111
1111111111. dicit.

- 111 11111111] 11111111 11 111111 1111111111] Ρ11, 1111111.
1111111111,11111111 1111 0111111111 1 191 11111111111 1111 11111,
Ι11111 11111, 811111. 1111111111 11 1111111 1111111111,

111 0111111111 1111111]111ι.*1’11 111. 1111111 pn 11111, nunu 111
111111111,1111.’ 11111.

111111111111]1111111111.111111111111110111111111ι

 

