1188 nou 1111111111 1111111111.

1111111111,11 1111111111 11111111 11· 11111111111111111 111111111.
111111111 ⁴ 11111111 1111 111111 1111 unum 1111111] 011111111111 i»
11111, 11 1111111111 111111111 11111- 111111 1111111111. ’
ml: 111111 1111 11“11111111 pio· 1111 11111. eopia] 1111111111 11
1111111111 111111111 1111111111, 1111111111 1111111.
1111 111111111 Dei: 01111111 1111 011μ1ύ11111111111,1111111111,
11111111. 111111111111. <
1111 1111]011 1111111 1111111 111111111111111111111111111111111,
1111. 11111111, 1111111111, 111 1111111111,
1111 Pium 1111111] Quod 1111 111111111111 11111111 1111111111.
1111 111 1111111111 1111111 11 111· 1111111111 (11111111 1111111 ι1111
1111 1111111111 11111111 1111111111. 11111111111111111,’111. 1111. 11111
ειη-1111111 1111111111 111· 0111111 1111111 11111111, 1111 1111
1111111111111111111111111111111- ‘Bp torcular 1111111 1111111111.
'u 11111111111111111111111111111, 11111. 1111111111 11111 ’ Α·
1111111111111 111111 11 1111111111 11111111. ste 11111 kuwet&
1111111111 1111, qui 111 111111111 ι1111111111 mutatum 11111·
11111111, 111 1111111 1111111111, 11111111111111111111111111111111·
1111111111111 1111111111 11111111, 1111111111111111111111111111,
11111111111111, quinq-¹· crediderit 11 m? 811
1111 Qu 1111111111] Qu· 111111· 11111111 11111111 ι8111111011111
111111111111111. 11111111111111111111111.’ 111-
011 11111. m] 011 1111111111 qne 1111111 111111 111, mu 1111
1111111111. 11111111111111111,·11Ι tollit 111-
1111 11111111] negatum 111111 111111111,’11111111111111111111
1111111111111111.111111111111111111 1111111,11111111,1111111111111111111
1111111111111111,1111111111111111 111111111111 11 nedum-ti 111111,
111111111111111111111111. 11111111111111111111111,111111-
1111 [11111111 equ] Cum 11111 111,1111,11111111111111111111111
1111111111111111111 1111111, 11111 caponum Am

 

