1118 111111 11111111 11 1111111111.

11 Qun m] 01111111111111 11111111.
1111111111 11111, 11 1111111111 11 11 Samum] 11 1111111111-
111111 111111111 vem, 11 11 11111· 11111.
11111111111111. 11 1111111111] 11111111, zebe·
11 Vim] 1111111. 11111111 1111111111, 111111111111,111 11111111
1111111111 1111 tenebra! Pam· 111111111111111111,111
1101111.111111]111111111111111111- 11111111111111111-111111111111111.
11111, 11111111 1111111111,1111111111 1111111111 1111111. 1111111111·
1111111111. 1111111111111111111111111. 111111
11 11111111] 111 1111111, 1111111111 ejus 11111111 1111111111, 1111111111,
11111. 11 1111111111111111
111111]’1“1111111,1111111. · 11111111111111111111111111·
111111111111111111111111111111· 1111.
1111 1111111. 11111 1111 1111111 ι111 11 1111111] 011111111111111111.
1111111111 1111111, 11 111 11111111 . 11 Nomia] 81111111 111,’1111ρ-
1111111111111111.’ 1111111111 11 munis: Prudentius
11 11111111111111111111 11- ’11111111111111111111111111111111113
1111111 1111 11111 1111111111 111- 11 M] 111111 1111111111 1111
1111111 1111111111 11111111 111111- Ρι1111111111111111ι1111111111.111·
1111111111. 1111111111111Λ1 1111.
Ruptum 11111111, 11 propter 111- 11 cade] 11111111 11111 1111 Hu-
1111111 1111111111 11 11111111 11· 111111111111111111111111111111
111111111111111111111 111111 *0111111 11, 11 1111111111 111 Deo.
1111111,1111111111111111111111111 11111111111111113 .
111111 111111111111111111111111111· 11 Anceps] Ρ1111 1111111 111111.
11111111111111111111111111111111 111 Mum] 1111111 11111111 11-
111111 11111111 111111 11111111. 1111111.
11 1111] 11111111, 1111111111. 11 Minu] 0111111111, 111111.
11 Fixa] 1111111111 111111. 11 Qudne] Ρ1111111111111, qni
71111111] 11111111 1111111 1111 11111 111111 autenti· (11111111
11111, 11111111, 111111. 1111111111- 1111111111.
111111111111111. . ”” 11111] 0111111111111111111111111
’ 11 Perplexa] 111111111111111111, 11111111 11 11111111, 11 111 dum·
11111111 11111111111111 1111111111 ‚dum 1111111 nque eorpus.
11111. 11 Prin 11 mdo] 111111. n.
11 111111] 11111111 1111111111· ι11111111 et 1111 11111111 1111 11
111111111111111. 11111111111111111111111111113
11 1111111]1·“1111111111111111,1111 111111111111111111,11111 111111·
1111111111111111111111. 1111 effugere: 11111 1111111111, de
11 Ρ11111] 1111111111 1 1111111111. 111111111111111111111110111111
1111111111] Ρ1111111. 1111111111· “mim
11111111 11111111 111111111111 11311111111011111111111111,1111
1111111111,111111111111111111111ς1 11111111111111111111111111ῢ111.
1111111 1111111111 11111111111111. 111111111, vindex 11111. mibi: ‘On-
1111111111 1111111] 8111111111 1111 1111 11111111 indo jmoe 111111111·
1111111111 1111111111 quin 1111111 ninum? Apud 11111111 Jupiter,
1111111111. him, 111111111, 11111111, (11111 1111
11 11111111 1111] 11111111111111,1. 11111111.
111111111111111111111. 11 Ρ11111] Qui· 1111111 11111111
11 Prasmon] 1111111111 11- 111111 11111111 penitentia, utu..

 

