4444444. 44404. 44 04444444. 444444. 11. 940

¹:3⁰2 0444444] 111400. 04 404· 14000410 04004041· 044 4011010111πί4.
. 11404.

404 Fu 0441044444] 11ιο04140. 408 1440404144] ln 00044010411· =

400 04444444444444410000 01400· 444. 0444 44444104 041, 10 004 01044
000 4441 10 1440400410. 0004401001.

400 1441044444] Per 100444 jocum· 41001044444414 44414] Non 10144ς
0440004100041. 440 1144410414 0410014114 44 oram

414 4140444 Rom} A. 11044010 0000 1000011 4011010 004144.
4000114444. 110441. 10 04440100 4000· 440 04044] 110404. virg. 1000 411- ·
1441411100οὴ genti 0410 4044040 4414104 04001 0410111 041404.1
0401004000.1 441 4444441] Rom· 410041.

444 Nune-nim] 0014 Patent 4444144044] 0141444444 regn·-
1111104 0180141144 0400104 4004 Dm 4044.
4044. 441 144 444440444104] 44404040 40-

414 0 40144444] 11004410010004 11010014 0044444140.
41140140004010414 04104003 444 nom 44 Nm] Per 0044 ’

Virta 1144414] Fortitudo, 1144144 1010111011 1104440044οι 041001004. “
0444.1Ε10440014041104410100140· 440 0441444 04404444] 1100111ιή

4414100 0413 1 1140400404, 044144 1044044 cno-
410 Δ404444444444041444] 0404044 044.

Romula· 0101144 0440 404011οη 0014 448 11444144 444144] 1001110404-
14001041411, 01 1100404401 0404104· 000 Ρο04104.’ ,
014, 01044004 4001440040140010014 440 ,144444 4144044444] 041014444.
114001· Νῑῦ 11000 11111· AEn. 1· teri· ’1400 0114004, 4401440114 14000114
bit: 1 1114 ego 00000144 404004, 040 origo, 80104 40 4000414, 001 104 40404
10440444 0000 :' 40 1040041004 110010· viden!
4100011444, 00444 4040001440 00441· sem] mmmmm, ‘cyra
011· 000404 4401114 01 fruetuum 4000444·
410041414411140010414110440104 4040 04140004 04141101, 14000 no-
0041 000400444104044, 00141044 441 444418104041004 'oenum‘
cognominum 01 11040404 0004 40· 404 Gabriel] 110010 000 44140404
0444 4 01401044141444, 04, 1140044· 4100110444 400 040 terminatione.
404 404040 00441004 0001000001004· 400 0441444 144104] nomm, qui 40
11103 4444010 1010, 114044 Filio, 004000·
440 0044444441444111041410000. 4041, 4 000 101104 Cant 4400044
4201404414] 0040 4000 01404444 originem.
04110404 44414 4001, 0144 0144444 401 7404444 mim] 80. 1140104,
414014100114414. 041 pra 04410414 0400104104 00041444
411 14144444· 41444] 10140441 040404, 0101104.
410401044414044040404444104040. 444 110414414] Aperit.
14444 1404444444 41 44411444] 0414 404 4444411440] 0010400414140
10004 04000010100011140404,40. 1100444 010404.
Christianam 4010041444 4411004444 404 4444414] 1000014, 004 10414
14410444 4010440040, 44 40 14004 Ro· 0101144 41 40404 41 0041444.
04004444. · 410 1144444044] 1101411. 0410. 0101.
440 1144 4444144444] Α Dm 44, xv. 1144444440441044,’ 004014 040,
qne-admodum 044404 10040444 440 ejicere.
14400410, 400440104 011444 444 roligi- 411444444441010114040444,0000
404. , 00441114 0040101044 44444.
41011444444444444444104140444 4111444444 11444414]ὼί 11044444

 

